1.0002316399e+00 5.3466290106e-03 -4.8788515369e-03 -3.3406639921e-03 -3.5853557976e-03 6.0965230557e-03 -3.8058079920e-03 7.3153543021e-05 1.1857202010e-03 
5.3466290106e-03 1.0021837559e+00 -7.9217060764e-03 6.7706373355e-03 -5.7043159134e-03 -1.4559947439e-03 5.7599222622e-03 -5.3513977567e-03 7.6228101748e-03 
-4.8788515369e-03 -7.9217060764e-03 9.9182942208e-01 1.8361514274e-03 -6.8849217645e-03 2.8375920865e-03 -5.8355884166e-03 2.7992333697e-03 -1.9097896541e-04 
-3.3406639921e-03 6.7706373355e-03 1.8361514274e-03 9.9999903641e-01 -8.1244502757e-03 -2.0969734657e-05 9.8031587918e-03 -8.9570369826e-03 9.2833910360e-03 
-3.5853557976e-03 -5.7043159134e-03 -6.8849217645e-03 -8.1244502757e-03 9.9570285959e-01 7.5129073281e-03 9.5647672760e-03 1.4686512863e-03 -9.8548819437e-03 
6.0965230557e-03 -1.4559947439e-03 2.8375920865e-03 -2.0969734657e-05 7.5129073281e-03 1.0097643765e+00 6.6443803094e-03 -3.2335173355e-03 -5.8829509966e-03 
-3.8058079920e-03 5.7599222622e-03 -5.8355884166e-03 9.8031587918e-03 9.5647672760e-03 6.6443803094e-03 1.0084986378e+00 3.5321226651e-03 8.5771239583e-03 
7.3153543021e-05 -5.3513977567e-03 2.7992333697e-03 -8.9570369826e-03 1.4686512863e-03 -3.2335173355e-03 3.5321226651e-03 1.0043544942e+00 6.3381628586e-03 
1.1857202010e-03 7.6228101748e-03 -1.9097896541e-04 9.2833910360e-03 -9.8548819437e-03 -5.8829509966e-03 8.5771239583e-03 6.3381628586e-03 9.9180421515e-01 
