7.6222766950266714e+02 3.1898312718538187e+02 -3.0259877013173985e+02 7.8052969270893880e+02 -5.7989661129883734e+02 -6.0693390914968333e+01 
3.1898312718538187e+02 6.0239481063718185e+03 4.8219784762926975e+03 5.1456762256205616e+02 -9.7795530428040919e+01 -3.8761268674958957e+00 
-3.0259877013173985e+02 4.8219784762926975e+03 4.4314898425476176e+03 -5.2675479276888450e+02 6.8307039409745329e+01 -1.8499216992690322e+00 
7.8052969270893880e+02 5.1456762256205616e+02 -5.2675479276888450e+02 1.7565482964169439e+03 1.1388356368591386e+02 5.8762094896256109e+01 
-5.7989661129883734e+02 -9.7795530428040919e+01 6.8307039409745329e+01 1.1388356368591386e+02 9.7912834229605960e+02 1.3069962825928479e+02 
-6.0693390914968333e+01 -3.8761268674958957e+00 -1.8499216992690322e+00 5.8762094896256109e+01 1.3069962825928479e+02 2.3747153579887645e+01 
